# Created by Octave 4.2.1, Fri Dec 29 17:45:45 2017 -02 <jcscheunemann@Lisa>
# name: ans
# type: scalar
14.28571428571429


# name: data
# type: matrix
# rows: 1152
# columns: 4
 11094832 1.8507 9.0764 -3.6081
 11095466 1.6664 9.0549 -2.8826
 11095532 1.6783 9.098000000000001 -2.9497
 11095602 1.7071 9.0549 -3.1891
 11095672 1.7214 9.0716 -3.2441
 11095742 1.719 9.0573 -3.2705
 11095812 1.6688 9.0573 -3.2346
 11095882 1.64 9.0525 -3.2513
 11095952 1.6257 9.047700000000001 -3.1723
 11096022 1.64 9.0573 -3.2489
 11096092 1.652 9.0501 -3.2034
 11096162 1.6257 9.062099999999999 -3.1867
 11096232 1.6568 9.0692 -3.2178
 11096302 1.7047 9.009399999999999 -3.1532
 11096372 1.7573 8.983000000000001 -3.1987
 11096442 1.8004 8.9519 -3.1987
 11096512 1.7573 9.019 -3.1867
 11096582 1.6592 9.1243 -3.1077
 11096652 1.6472 9.1099 -3.2465
 11096723 1.6161 9.1435 -3.1891
 11096797 1.64 9.0357 -3.2896
 11096862 1.6879 8.978300000000001 -3.4644
 11096932 1.6975 8.959099999999999 -3.5338
 11106102 8.837 2.715 -2.8706
 11106666 8.779500000000001 2.8467 -2.5498
 11106732 8.779500000000001 2.8395 -2.4373
 11106802 8.7987 2.8802 -2.5857
 11106872 8.774699999999999 2.8395 -2.5187
 11106944 8.793900000000001 2.7701 -2.5618
 11107012 8.6694 2.5474 -2.3894
 11107082 8.849 2.3248 -2.1739
 11107152 9.164999999999999 2.2769 -1.798
 11107222 9.452299999999999 2.2386 -1.4892
 11107292 9.641400000000001 2.3439 -1.0942
 11107362 9.5768 2.2865 -1.1779
 11107432 9.177 2.0446 -1.063
 11107502 9.0261 1.8292 -1.3599
 11107572 9.0357 1.6065 -1.6903
 11107642 8.994999999999999 1.5969 -1.5682
 11107712 9.145899999999999 1.4964 -1.9106
 11107782 9.0166 1.482 -1.6065
 11107852 9.0501 1.3647 -1.4653
 11107922 9.270300000000001 1.3503 -1.0965
 11107992 9.287100000000001 1.3838 -0.2514
 11108062 9.440300000000001 1.2234 0.1341
 11108132 8.760400000000001 1.0367 0.7949000000000001
 11108202 7.6112 0.407 1.4413
 11108272 6.9264 0.0335 2.897
 11108342 5.1763 -0.3112 4.81
 11108412 4.0845 -0.6847 7.2544
 11108482 2.6073 -0.3304 9.493
 11108552 1.3024 -0.4573 10.6327
 11108622 0.7087 -0.498 11.1977
 11108692 -0.0958 -0.2131 10.9702
 11108762 -0 -0.4621 10.7763
 11108832 -0.4286 -0.5004 10.2807
 11108902 -0.3926 -0.1891 10.0844
 11108972 -0.7087 -0.2035 9.658200000000001
 11109042 -0.8905999999999999 -0.1197 9.516999999999999
 11109112 -0.9553 0.0335 9.493
 11109182 -1.1923 -0.1293 9.5624
 11109252 -0.7518 -0.1676 9.7468
 11109322 -0.7326 -0.1604 9.691700000000001
 11109392 -0.7422 -0.158 9.6654
 11109462 -0.7542 -0.1341 9.6774
 11109532 -0.7374000000000001 -0.1101 9.706099999999999
 11109602 -0.7326 -0.103 9.6774
 11109672 -0.6656 -0.1724 9.6774
 11109742 -0.6488 -0.2466 9.6462
 11109812 -0.668 -0.249 9.571999999999999
 11109882 -0.7207 -0.2203 9.6319
 11109952 -0.6871 -0.2227 9.6845
 11110022 -0.735 -0.3639 9.672599999999999
 11110092 -0.6991000000000001 -0.4405 9.811400000000001
 11110162 -0.6081 -0.498 9.813800000000001
 11110232 -0.6991000000000001 -0.4334 9.7827
 11110302 -0.7159 -0.2394 9.8354
 11110372 -0.8236 -0.261 9.8019
 11110443 -0.8404 -0.3089 9.792299999999999
 11110512 -0.9313 -0.4357 9.823399999999999
 11110582 -0.8859 -0.4405 9.873699999999999
 11110652 -0.8332000000000001 -0.2179 9.9168
 11110722 -0.8332000000000001 -0.0311 9.876099999999999
 11110792 -0.7614 0.0503 9.7707
 11110862 -0.8835 0.0048 9.8043
 11110933 -0.9577 -0.1915 9.758800000000001
 11111002 -1.2258 -0.4381 9.742000000000001
 11111072 -1.2474 -0.4501 9.739599999999999
 11111142 -1.2522 -0.4094 9.619899999999999
 11111212 -1.3982 -0.1796 9.586399999999999
 11111282 -1.1923 -0.1245 9.624700000000001
 11111352 -1.1061 -0.1341 9.6822
 11111422 -0.9433 -0.2729 9.6462
 11111492 -0.7756999999999999 -0.4214 9.675000000000001
 11111562 -0.996 -0.6032999999999999 9.56
 11111632 -0.9601 -0.747 9.6007
 11111702 -1.0319 -0.6823 9.6822
 11111772 -1.0008 -0.747 9.639099999999999
 11111842 -0.7901 -0.5722 9.663
 11111912 -0.9457 -0.4453 9.619899999999999
 11111982 -0.9577 -0.431 9.5505
 11112052 -0.9816 -0.3926 9.555300000000001
 11112122 -1.0175 -0.3519 9.622299999999999
 11112192 -0.972 -0.3136 9.651
 11112262 -0.9601 -0.2777 9.672599999999999
 11112332 -1.0606 -0.3112 9.722899999999999
 11112402 -1.0271 -0.3208 9.7013
 11112472 -1.0247 -0.3424 9.6774
 11112542 -1.0127 -0.3496 9.694100000000001
 11112612 -0.9744 -0.316 9.7037
 11112682 -0.9744 -0.316 9.710900000000001
 11112753 -0.984 -0.2921 9.7013
 11112822 -1.0199 -0.3041 9.6127
 11112892 -1.0127 -0.3328 9.641500000000001
 11112962 -0.9912 -0.316 9.6678
 11113032 -1.0391 -0.3208 9.689299999999999
 11113102 -1.0104 -0.3184 9.73
 11113172 -1.0104 -0.3065 9.6462
 11113242 -1.0439 -0.3065 9.624700000000001
 11113312 -1.0295 -0.3041 9.643800000000001
 11113382 -1.0343 -0.3065 9.708500000000001
 11113452 -1.0199 -0.3112 9.722899999999999
 11113522 -1.0415 -0.3017 9.7181
 11113592 -1.0199 -0.2945 9.6774
 11113662 -1.0343 -0.2897 9.670199999999999
 11113733 -0.9864000000000001 -0.2945 9.655799999999999
 11113802 -1.0008 -0.3256 9.689299999999999
 11113872 -0.9697 -0.3328 9.6965
 11113942 -0.9577 -0.3352 9.670199999999999
 11114012 -0.9864000000000001 -0.3256 9.6965
 11114082 -0.9577 -0.3041 9.694100000000001
 11114152 -0.9744 -0.3328 9.6822
 11114222 -0.9792 -0.3304 9.7037
 11114292 -0.984 -0.34 9.689299999999999
 11114362 -0.984 -0.3448 9.670199999999999
 11114432 -0.9984 -0.3304 9.672599999999999
 11114502 -0.996 -0.3352 9.7133
 11114572 -0.9744 -0.3328 9.722899999999999
 11114642 -0.9984 -0.3448 9.725199999999999
 11114712 -0.972 -0.3352 9.7348
 11114782 -0.9625 -0.3376 9.670199999999999
 11114852 -0.9792 -0.3424 9.691700000000001
 11114922 -0.9697 -0.3328 9.7157
 11114992 -0.9864000000000001 -0.3543 9.7157
 11115062 -0.9936 -0.3496 9.7181
 11115132 -1.008 -0.3519 9.6965
 11115202 -0.9936 -0.3519 9.6654
 11115272 -0.9984 -0.328 9.675000000000001
 11115342 -1.0008 -0.3256 9.6654
 11115412 -0.9649 -0.3136 9.6534
 11115482 -0.9912 -0.3304 9.675000000000001
 11115552 -0.9529 -0.316 9.651
 11115622 -0.929 -0.3184 9.672599999999999
 11115692 -0.9194 -0.3136 9.694100000000001
 11115762 -0.8835 -0.2945 9.6774
 11115832 -0.8763 -0.316 9.6822
 11115902 -0.8643 -0.3184 9.670199999999999
 11115972 -0.8715000000000001 -0.3256 9.655799999999999
 11116042 -0.8164 -0.3352 9.660600000000001
 11116112 -0.8212 -0.3328 9.655799999999999
 11116182 -0.7973 -0.3304 9.691700000000001
 11116252 -0.7661 -0.3256 9.6989
 11116322 -0.7877 -0.3184 9.7037
 11116392 -0.7733 -0.3184 9.7348
 11116462 -0.7733 -0.316 9.691700000000001
 11116532 -0.8045 -0.3089 9.6845
 11116602 -0.7925 -0.2969 9.691700000000001
 11116672 -0.7901 -0.2753 9.672599999999999
 11116742 -0.8092 -0.2682 9.6798
 11116812 -0.7949000000000001 -0.2777 9.6869
 11116882 -0.7925 -0.2921 9.6774
 11116953 -0.8021 -0.3065 9.708500000000001
 11117022 -0.7901 -0.3208 9.6462
 11117092 -0.8139999999999999 -0.3256 9.6462
 11117162 -0.7901 -0.3065 9.6462
 11117232 -0.7949000000000001 -0.3017 9.591200000000001
 11117302 -0.8045 -0.2969 9.6031
 11117372 -0.7997 -0.2969 9.607900000000001
 11117442 -0.7997 -0.2945 9.607900000000001
 11117512 -0.8236 -0.2921 9.636699999999999
 11117582 -0.8021 -0.2777 9.706099999999999
 11117652 -0.7997 -0.2658 9.6845
 11117722 -0.8212 -0.2753 9.6654
 11117792 -0.7877 -0.2753 9.706099999999999
 11117862 -0.7709 -0.2682 9.6965
 11117935 -0.8045 -0.2705 9.725199999999999
 11118002 -0.7901 -0.2634 9.722899999999999
 11118072 -0.7877 -0.261 9.6965
 11118142 -0.8116 -0.2682 9.720499999999999
 11118212 -0.7829 -0.261 9.710900000000001
 11118282 -0.7877 -0.2562 9.710900000000001
 11118352 -0.7901 -0.2634 9.6869
 11118422 -0.7877 -0.2586 9.6798
 11118492 -0.7877 -0.2729 9.658200000000001
 11118562 -0.7973 -0.2897 9.6965
 11118632 -0.8308 -0.3017 9.706099999999999
 11118702 -0.8571 -0.3017 9.672599999999999
 11118772 -0.8428 -0.2921 9.6869
 11118842 -0.8619 -0.2969 9.660600000000001
 11118912 -0.8475 -0.2825 9.670199999999999
 11118982 -0.8667 -0.3041 9.6989
 11119052 -0.8763 -0.2921 9.706099999999999
